1  197  198  197  200  198  202  200  200  198
2  337  96.2  94.1  94.8  94.6  94.0  94.2  94.6  94.4  94.4
3  353  100  99.4  105  100  100  100  99.8  100  100
4  318  69.0  68.5  72.1  73.4  68.1  71.4  65.1  67.6  72.0
5  565  314  313  315  309  308  308  312  315  314
6  420  192  191  209  207  192  231  192  199  220
7  516  303  300  278  291  294  296  294  297  301
8  348  119  118  119  119  119  119  119  119  119
9  591  344  344  344  345  345  344  344  344  345
10  306  57.4  57.1  57.5  56.7  56.4  56.4  57.4  57.2  57.2
11  402  147  146  147  146  147  146  151  147  146
12  592  153  294  294  310  305  378  372  378  356
13  342  168  145  232  214  167  191  146  167  167
14  434  245  245  246  245  245  245  246  245  246
15  408  187  187  186  187  186  187  186  186  185
16  350  111  111  297  111  111  111  110  119  111
17  305  52.2  52.9  54.7  53.1  52.6  53.8  52.9  54.6  52.8
18  307  45.1  51.8  45.7  48.3  44.9  45.1  45.5  45.3  45.1
19  344  153  147  155  156  156  155  153  153  156
20  593  392  410  382  383  391  383  391  392  383
21  452  269  246  265  267  265  268  242  269  267
22  406  77.7  116  127  138  82.9  95.5  111  81.0  96.4
23  508  238  238  238  239  221  220  238  239  238
24  540  263  283  289  266  261  262  282  322  347
25  503  254  253  254  255  254  252  253  252  254
26  274  99.8  96.1  99.5  95.7  93.6  96.4  78.6  94.9  94.8
27  383  170  157  168  161  162  158  157  164  163
28  433  207  206  206  207  206  208  191  261  190
29  463  342  343  343  313  304  225  288  300  301
30  422  172  171  172  172  172  172  172  172  172
31  443  188  120  187  188  188  216  187  188  187
32  368  130  134  136  128  134  163  163  136  135
33  856  582  639  602  644  574  577  626  663  641
34  474  247  247  250  247  253  244  245  248  242
35  533  242  245  258  250  243  258  245  249  253
36  564  344  345  316  312  344  332  330  345  312
37  360  141  140  140  140  140  140  141  141  140
38  377  196  200  197  197  196  196  197  196  196
39  453  265  261  256  256  257  257  257  258  259
40  406  188  189  191  190  201  192  196  190  197
41  408  183  181  181  265  181  181  181  181  192
42  325  65.6  65.6  66.1  65.0  65.7  64.9  65.6  66.5  64.9
43  511  256  271  265  271  262  264  263  263  264
44  334  76.3  76.4  76.3  107  76.5  76.8  75.9  75.7  76.6
45  286  82.5  80.7  82.2  80.0  82.3  82.3  83.4  82.6  82.0
46  308  130  130  129  130  130  130  131  130  129
47  385  368  224  294  164  167  165  166  170  165
48  446  264  229  258  248  283  292  249  364  457
49  588  340  345  339  339  348  346  337  349  337
50  171  147  148  147  147  102  147  99.8  147  147
51  195  224  194  222  238  242  237  237  223  226
52  245  242  257  226  247  225  222  267  224  231
53  591  593  599  590  587  590  592  593  589  586
54  78.2  66.6  82.5  82.1  82.9  83.4  81.5  77.9  79.1  78.0
55  117  119  118  118  118  118  118  118  118  118
56  357  355  356  360  356  356  355  355  355  355
57  346  345  345  345  345  346  345  346  346  345
58  74.6  74.4  73.9  73.8  73.5  73.6  74.0  74.2  73.9  74.2
59  36.2  37.0  36.1  36.1  35.8  36.9  37.2  36.6  37.4  36.6
60  779  236  230  239  227  233  234  235  235  224
61  146  205  146  200  202  146  228  177  163  162
62  103  103  105  103  103  103  103  102  134  103
63  68.0  44.2  44.1  68.7  69.0  67.9  68.2  67.1  67.3  68.8
64  202  201  199  200  202  200  201  201  200  192
65  322  231  231  298  281  265  262  283  284  281
66  84.5  86.3  85.0  86.2  85.5  85.8  136  84.6  85.7  87.8
67  190  171  165  164  164  181  164  164  165  164
68  194  173  163  184  195  191  172  191  185  148
69  220  165  147  148  222  148  148  148  158  148
70  453  454  429  431  424  448  452  447  430  436
71  243  219  253  166  166  238  166  166  225  241
72  162  165  162  162  162  162  162  162  165  162
73  86.4  85.7  86.1  86.2  85.6  85.6  86.2  86.6  86.9  86.1
74  81.6  81.9  81.8  85.2  81.3  81.9  81.7  82.4  82.1  81.3
75  183  183  184  184  209  183  201  184  150  207
76  322  324  325  305  305  284  305  305  275  305
77  317  318  372  366  318  318  353  340  319  322
78  111  112  115  111  112  116  112  119  119  111
79  52.5  52.6  52.6  52.7  52.1  52.5  71.6  52.2  52.6  52.6
80  155  152  160  145  155  93.7  92.8  93.0  93.2  92.6
81  90.4  95.4  92.8  90.0  91.0  90.8  93.0  90.1  96.0  92.7
82  143  134  144  143  132  144  134  132  145  142
83  253  304  283  282  265  211  240  219  231  219
84  305  313  306  311  309  311  300  306  305  316
85  124  124  321  251  126  125  126  129  247  633
86  149  198  152  148  148  148  148  147  148  297
87  228  228  228  228  227  227  228  228  228  228
88  873  867  876  877  872  874  867  866  858  871
89  190  161  165  162  162  164  165  165  170  164
90  220  217  154  154  154  151  155  150  152  219
91  339  339  340  339  339  340  339  338  339  339
92  82.7  82.4  83.0  84.6  85.0  84.4  86.4  84.9  85.2  85.3
93  85.1  101  106  103  108  98.9  99.3  106  102  109
94  230  228  233  227  230  227  229  233  232  231
95  166  168  162  168  168  162  167  168  164  170
96  130  135  146  136  137  135  132  139  137  136
97  87.0  80.3  87.0  87.8  86.9  87.1  86.1  103  94.4  97.4
98  84.4  84.8  84.5  83.9  84.7  145  84.3  96.1  92.8  84.1
99  90.4  91.3  91.4  90.8  90.9  90.7  91.4  91.0  90.7  90.1
100  96.6  95.5  96.0  95.7  95.1  95.1  95.3  95.3  95.4  108
101  302  299  327  299  300  301  299  299  323  304
102  199  200  199  413  200  199  199  199  200  409
103  346  345  347  346  346  346  345  346  346  346
104  173  173  173  172  172  172  173  173  173  173
105  142  149  137  135  129  152  173  133  137  135
106  72.7  120  72.5  103  72.0  73.2  72.4  72.9  73.0  72.8
107  357  382  362  381  378  386  384  378  385  376
108  116  116  139  116  123  140  139  140  134  137
109  215  215  215  215  214  214  215  215  215  214
110  224  215  221  218  214  214  217  215  214  215
111  405  400  394  387  403  388  427  502  390  487
112  84.4  83.8  85.1  84.3  84.2  83.7  87.2  86.3  84.0  84.0
113  53.8  54.0  53.9  53.8  53.3  55.3  54.0  54.4  53.5  54.1
114  370  370  370  370  369  370  371  370  370  371
115  107  107  112  106  105  106  104  107  107  104
116  125  125  125  125  125  126  125  125  126  125
117  214  214  190  189  214  215  214  190  214  215
118  256  257  256  256  259  256  256  256  256  257
119  233  231  234  232  232  235  232  233  233  232
120  904  895  897  878  888  907  882  889  888  886
121  234  236  234  234  235  234  233  233  235  236
122  49.5  49.8  50.9  49.0  50.5  49.3  49.3  49.2  48.7  49.1
123  322  323  320  321  322  321  322  322  323  321
124  188  236  188  196  229  193  187  194  187  187
125  182  183  180  180  181  181  180  181  181  181
126  184  604  603  599  601  600  602  600  601  600
127  959  948  944  947  940  949  945  939  934  941                 
128  70.7  70.9  70.9  70.9  70.6  70.7  70.5  70.7  71.2  70.4
129  172  175  171  175  171  171  173  172  172  171
130  192  181  178  173  175  173  178  178  176  178
131  959  948  944  947  940  949  945  939  934  941
132  221  193  210  193  209  209  247  185  187  185
133  504  508  495  498  496  508  506  517  505  511
134  297  294  294  299  301  297  293  294  292  291
135  226  227  227  225  274  277  226  250  283  234
136  151  142  136  94.4  153  149  96.7  139  103  141
137  81.2  80.8  81.0  80.5  80.8  80.3  80.2  80.3  80.9  81.0
138  160  160  160  159  160  207  170  210  170  170
139  125  80.7  81.1  108  81.7  80.9  81.0  80.8  80.3  80.2
140  93.7  92.6  91.3  91.4  95.7  92.3  92.2  93.6  91.1  92.6
141  287  200  201  222  222  223  223  202  224  201
142  530  177  177  177  176  177  176  177  177  177
143  358  358  361  360  375  366  366  363  362  364
144  230  232  232  233  232  233  229  233  234  235
145  161  161  162  161  161  161  161  161  162  160
146  212  186  416  114  114  114  114  114  114  114
147  71.3  70.7  71.2  71.9  71.0  71.4  70.9  70.8  71.7  71.0
148  202  202  202  204  202  202  202  204  211  202
149  73.7  68.3  69.5  133  68.5  72.0  107  68.3  68.7  68.4
150  277  276  276  276  275  276  275  276  276  275
151  70.1  69.1  70.4  69.8  70.2  68.9  69.5  70.9  70.2  69.6
152  70.7  72.1  70.7  70.0  71.6  74.4  69.6  70.2  71.0  70.7
153  403  403  402  418  401  400  406  414  392  392
154  189  190  190  190  189  189  192  190  191  190
155  186  186  186  186  186  186  185  187  186  185
156  304  331  314  339  331  338  338  340  331  332
157  247  243  243  241  240  305  239  238  297  239
158  103  74.4  106  82.0  67.6  99.2  69.3  69.5  119  93.1
159  173  173  173  172  172  172  172  173  173  173
160  195  182  207  183  182  182  184  185  210  222
161  175  175  175  175  176  175  180  175  175  175
162  177  178  174  174  154  178  176  194  154  162
163  196  191  192  194  190  190  199  189  210  198
164  132  132  133  132  132  132  132  132  132  132
165  222  217  217  220  212  215  220  216  219  218
166  216  211  211  211  210  212  211  210  211  210
167  78.9  68.8  75.5  139  66.5  78.4  67.5  78.7  79.9  68.2
168  53.3  53.1  53.7  53.4  53.3  53.4  53.9  53.4  53.0  53.4
169  148  129  163  129  138  128  169  177  224  189
170  209  208  204  205  199  197  207  199  207  202
171  196  196  196  196  196  196  196  196  196  196
172  272  271  272  272  271  272  272  273  270  273
173  167  203  169  204  162  204  202  170  202  170
174  386  384  386  386  385  386  385  386  387  385
175  186  187  186  187  187  198  186  186  186  186
176  88.2  82.3  82.3  81.5  81.9  82.1  81.9  82.2  82.2  82.5
177  162  165  163  86.8  161  163  87.4  162  87.8  87.3
178  183  176  185  185  182  182  174  175  176  182
179  305  326  306  301  305  288  336  288  276  276
180  166  199  200  199  199  199  200  199  200  199
181  184  178  229  229  229  232  180  229  178  228
182  85.5  85.2  86.0  85.2  84.7  85.2  84.9  85.4  85.6  85.2
183  204  209  212  182  188  176  155  176  165  160
184  45.7  45.4  46.5  45.5  45.3  45.5  47.4  45.4  45.8  45.5
185  292  292  292  291  292  291  291  292  292  292
186  150  151  156  152  150  159  179  152  221  150
187  396  395  395  395  396  393  465  395  395  396
188  215  212  214  214  213  213  214  214  215  213
189  333  333  334  304  311  340  281  298  336  344
190  211  211  835  182  807  172  155  173  878  159
191  188  189  193  225  212  213  192  188  198  201
192  237  237  238  246  237  237  239  237  237  236
193  221  223  287  224  228  221  221  221  224  221