1 383 380 380 380 379 380 380 379 380 380
2 103 104 103 103 103 103 103 103 103 102
3 108 105 105 105 105 114 105 71.4 105 105
4 72.5 93.9 72.2 72.9 73.7 76.3 72.8 71.3 74.1 76.0
5 318 316 316 317 316 316 317 316 317 318
6 672 648 200 192 193 192 194 195 194 193
7 320 266 317 319 319 319 318 318 318 280
8 106 111 107 107 107 107 123 107 108 106
9 368 368 375 377 369 367 368 377 368 378
10 67.7 73.9 66.9 67.4 67.1 67.5 67.4 69.3 67.7 67.5
11 127 127 126 126 127 127 131 126 127 127
12 240 256 234 222 183 212 217 222 245 223
13 139 174 196 174 191 197 173 173 173 139
14 208 207 208 207 207 228 208 207 207 208
15 191 195 192 193 190 193 191 192 190 194
16 117 118 308 308 127 314 310 309 313 118
17 48.9 49.7 47.8 48.7 47.8 53.4 47.9 47.7 47.9 48.8
18 52.8 52.6 52.8 53.4 53.7 52.8 53.4 54.8 52.7 52.4
19 143 143 142 143 142 142 142 142 151 143
20 262 223 222 225 222 223 262 222 225 225
21 232 232 232 232 233 235 246 232 233 233
22 88.7 91.4 86.8 91.4 91.5 87.7 86.5 87.1 104 93.9
23 237 238 237 237 236 236 239 236 236 237
24 289 325 299 325 326 356 339 348 360 369
25 262 262 262 262 262 262 262 272 262 263
26 81.3 96.2 80.7 81.0 83.6 80.8 80.2 80.5 80.4 80.2
27 179 176 174 178 174 173 190 172 177 172
28 241 233 225 229 213 234 213 288 214 231
29 287 308 288 286 287 287 308 287 288 286
30 160 161 160 160 161 160 178 161 160 171
31 217 217 260 236 237 224 218 272 259 253
32 129 132 130 129 131 133 139 137 134 167
33 646 644 644 645 645 665 645 644 645 645
34 267 255 313 279 259 260 261 255 255 255
35 258 259 287 279 293 289 290 255 258 301
36 241 247 293 252 263 238 239 249 241 243
37 131 130 144 130 132 175 131 209 130 129
38 219 208 209 209 208 209 208 208 209 228
39 263 260 261 264 260 264 264 264 263 262
40 197 183 179 190 188 175 192 180 182 177
41 192 192 191 191 192 191 191 191 192 192
42 69.3 109 71.5 95.0 102 95.2 69.0 93.9 95.6 94.6
43 311 283 273 306 281 274 282 282 281 290
44 98.3 98.7 98.1 105 98.4 114 97.8 98.4 107 98.2
45 79.1 74.3 75.4 76.8 74.2 75.3 78.3 75.5 75.4 75.4
46 116 116 116 116 115 116 116 116 116 137
47 177 175 330 178 177 384 176 180 178 176
48 353 201 290 359 332 419 315 314 400 363
49 312 312 319 313 312 312 314 312 312 312
50 131 122 120 121 121 120 121 121 121 121
51 199 198 198 200 197 202 198 199 198 197
52 263 260 260 264 243 260 259 260 259 260
53 588 596 589 598 595 593 605 602 598
54 75.9 77.9 75.9 77.6 77.4 78.1
55 123 121 121 121 122 120 124 122 120 122
56 496 496 498 514 498 515 496 512 509 507
57 327 328 328 328 327 328 328 329 328 328
58 76.6 76.5 76.0 76.6 76.6 87.0 76.3 76.5 76.8 76.6
59 50.2 49.9 49.3 50.3 50.3 49.4 50.0 50.2 50.1 50.4
60 436 433 424 416 441 448 427 220 228 225
61 156 155 155 155 159 155 156 155 155 178
62 106 106 106 107 118 106 106 106 106 106
63 90.0 71.5 71.5 71.3 71.3 70.9 71.6 71.5 71.7 72.7
64 244 233 272 229 228 228 246 237 237 245
65 212 217 237 238 239 230 273 240 226 239
66 127 122 124 124 123 122 124 124 124 146
67 189 189 188 189 232 189 188 188 189 191
68 224 212 213 228 212 205 205 211 227 209
69 220 164 165 161 212 217 213 170 167 170
70 329 446 433 216 267 222 215 394 326 216
71 378 192 191 242 264 191 192 550 192 252
72 253 177 178 178 192 178 177 402 177 178
73 93.1 69.7 70.4 69.7 81.5 69.7 70.9 324 69.7 76.6
74 90.3 85.4 85.5 85.6 85.4 85.5 86.2 289 86.1 90.8
75 194 193 194 193 194 194 195 433 194 194
76 330 341 256 331 332 255 342 486 258 333
77 253 251 250 251 250 251 249 393 243 272
78 116 117 117 116 116 117 116 154 117 116
79 55.7 56.0 57.1 56.0 56.2 56.5 56.2 57.3 56.5 56.1
80 101 100 100 101 101 101 101 101 100 101
81 56.2 56.1 55.3 56.6 55.4 55.5 55.9 56.2 55.1 56.3
82 157 156 156 176 156 157 156 156 156 156
83 271 247 251 304 275 271 257 263 280 269
84 272 271 271 271 273 271 272 271 272 272
85 135 133 191 157 134 138 137 136 125 130
86 192 161 157 161 176 160 161 165 161 177
87 227 227 226 226 226 226 226 226 226 249
88 416 391 405 391 0 406 399 396 402 405
89 149 147 146 155 148 146 148 147 163 162
90 193 166 165 151 204 169 165 165 202 165
91 282 282 279 281 279 279 279 279 269 274
92 92.4 90.0 87.4 90.5 91.5 101 90.1 90.0 90.7 91.1
93 91.3 89.7 109 89.4 93.7 93.4 89.2 93.8 89.4 90.0
94 242 242 242 242 241 250 253 246 281 263
95 171 170 170 171 171 170 172 176 171 171
96 118 121 115 100 122 114 122 99.8 113 110
97 92.1 85.8 86.2 85.9 86.8 86.7 86.1 85.9 97.0 86.5
98 88.6 306 325 91.1 87.8 150 87.8 253 88.3 88.7
99 60.3 62.8 57.2 65.7 60.5 58.4 61.9 61.2 63.8 55.8
100 98.7 98.0 98.2 98.3 98.5 99.0 98.0 99.4 98.4 98.0
101 392 385 388 391 385 385 392 403 386 385
102 217 217 217 216 203 217 205 277 216 202
103 364 363 363 364 379 363 363 397 363 364
104 296 286 285 290 286 285 287 287 286 286
105 147 160 159 149 147 146 160 173 161 160
106 93.5 95.0 94.8 93.3 93.4 93.4 93.9 93.6 93.8 94.2
107 350 350 349 357 349 355 349 450 349 351
108 137 135 136 135 149 135 135 233 135 137
109 220 220 219 227 245 221 219 311 220 220
110 213 203 202 202 202 203 203 230 214 203
111 404 404 404 404 404 406 405 404 403 406
112 93.1 89.6 89.2 88.7 89.2 89.1 91.0 89.0 88.3 92.3
113 53.2 52.6 52.5 52.9 56.2 52.3 52.5 52.5 52.7 52.8
114 254 252 251 251 251 252 252 263 251 251
115 84.2 116 84.1 84.1 88.0 84.7 83.9 84.5 84.4 115
116 1175 134 134 164 134 134 173 134 179 134
117 233 233 233 233 232 232 232 233 232 232
118 349 348 417 349 356 347 347 348 348 348
119 206 206 206 206 206 207 206 206 223 206
120 891 924 912 908 915 901 900 914 912 910
121 283 283 359 283 283 283 283 283 283 284
122 55.4 54.8 54.4 54.5 55.2 54.8 58.2 57.1 54.2 54.4
123 346 337 406 332 330 331 332 331 330 331
124 192 193 227 192 192 194 191 192 190 192
125 145 144 151 145 145 144 144 144 144 144
126 614 612 616 618 617 612 619 611 611 611
127 0 0 0 0 0 0 0 0 0 0
128 73.4 73.1 73.5 74.0 73.8 73.4 73.1 73.1 73.5 74.3
129 164 163 257 164 164 167 164 163 207 208
130 311 171 301 274 171 189 171 222 207 172
131 548 532 532 539 531 540 536 524
132 231 231 231 231 231 236 231 231 231 231
133 480 481 484 487 483 486
134 296 300 299 299 313 306 303 300 299 299
135 236 236 236 236 259 237 260 236 311 236
136 103 97.9 97.6 101 96.8 96.1 81.0 96.5 95.8 96.6
137 72.9 74.0 74.4 73.7 74.2 72.4 73.3 73.1 80.3 74.5
138 175 177 181 193 180 174 175 174 176 179
139 89.6 89.1 89.8 89.6 89.0 89.1 90.8 88.9 89.0 90.1
140 95.5 95.1 96.9 110 95.2 94.7 96.5 95.1 95.0 94.6
141 263 261 261 242 265 259 254 256 257 243
142 173 186 190 198 172 193 176 186 172 172
143 370 342 361 361 360 361 361 364 364
144 430 441 434 430 436 434 222 221 221 225
145 166 157 157 157 158 157 156 157 157 158
146 109 238 221 296 111 407 359 264 307 268
147 75.8 75.1 74.9 75.4 76.4 74.9 75.2 75.7 75.2 75.2
148 396 396 398 467 398 392 397 396 395 397
149 66.7 67.9 66.9 76.7 66.1 67.4 69.3 66.0 66.3 66.3
150 339 340 339 340 339 339 339 339 340 340
151 76.2 68.3 88.6 67.6 68.0 67.7 69.3 99.9 86.3 86.2
152 76.6 77.1 77.0 99.8 76.7 77.0 76.7 76.8 77.2 76.8
153 412 415 402 403 405 410 405 416 412 410
154 195 188 189 188 188 188 190 198 190 197
155 191 193 190 190 190 190 190 191 191 190
156 357 314 306 315 349 306 314 333 340 332
157 238 243 236 260 238 315 248 249 241 243
158 76.5 94.4 96.2 88.6 76.5 79.7 89.5 89.8 93.4 81.7
159 190 189 190 189 200 191 189 189 189
160 199 199 203 198 198 223 197 207 228 198
161 192 192 251 191 196 192 191 192 220 200
162 156 156 236 156 162 155 160 157 156 156
163 195 196 296 222 192 216 191 192 198 206
164 190 191 191 192 191 191 191 192 191 191
165 223 238 223 224 223 230 230 225 234 225
166 215 222 214 216 215 216 215 214 216 216
167 86.6 73.8 86.7 86.7 145 72.2 88.2 147 72.9 86.3
168 56.9 60.1 56.9 57.0 56.6 57.4 62.6 56.8 56.7 77.4
169 130 129 0 134 0 137 128 129 130 129
170 178 178 178 178 178 178 178 178 178 181
171 197 197 197 197 197 198 199 197 198 198
172 272 272 291 272 271 271 271 271 272 292
173 151 150 151 151 150 151 151 150 151 187
174 382 382 429 385 380 400 380 422 418 419
175 187 187 188 187 187 187 187 187 188 187
176 90.8 90.9 90.1 90.5 89.6 90.1 94.7 120 99.6 90.4
177 88.1 88.2 166 165 88.9 166 87.3 87.8 87.9 166
178 176 186 177 175 187 175 186 175 189 188
179 354 255 255 254 254 341 255 254 255 347
180 194 193 194 194 193 193 193 193 204 194
181 216 215 216 216 215 222 215 215 215 216
182 102 103 103 121 104 104 103 103 104 103
183 159 158 158 159 177 159 159 159 159 165
184 49.0 49.0 49.4 49.5 48.5 49.0 49.6 49.5 49.0 64.8
185 298 299 300 301 300 303 301 295 297 299
186 162 179 162 162 166 162 162 161 166 162
187 390 391 392 393 401 400 400 392 392 401
188 274 312 285 295 252 296 239 299 260 312
189 348 348 349 355 348 363 348 348 354 348
190 1326 140 145 209 147 146 159 146 146 146
191 244 241 242 241 243 246 239 241 249 249
192 246 236 246 246 245 246 244 247 255 245
193 226 226 266 225 225 225 225 258 225 225
