AF 380 379 379 380 379 380 379 380 380 379
AL 103 103 103 102 102 103 102 103 103 102
DZ 106 106 105 105 105 108 106 105 106 107
AD 67.1 66.4 66.3 66.6 66.4 66.5 66.6 66.3 66.9 66.7
AO 315 315 316 317 315 316 314 314 316 314
AG 222 301 199 200 200 251 253 284 200 200
AR 291 270 280 294 279 284 343 298 339 281
AM 112 112 115 111 112 111 111 112 112
AU 356 348 356 348 348 356 349 356 356 356
AT 68.0 67.1 66.9 67.7 67.3 68.1 67.0 67.5 67.1 66.8
AZ 127 128 127 127 128 127 127 128 127 128
BS 189 201 201 205 216 194 216 277 224 207
BH 138 139 137 141 138 145 138 138 137 139
BD 209 210 209 209 209 209 210 210 209 209
BB 199 198 198 197 197 198 199 198 207 198
BY 118 118 117 119 120 118 116 118 150 117
BE 51.6 51.5 51.4 51.2 51.3 51.4 51.3 51.0 56.1 50.9
BZ 53.9 53.6 53.1 53.3 53.4 53.3 53.3 53.5 53.2 53.5
BJ 158 156 154 158 154 154 155 154 159 155
BT 261 232 260 260 260 260 263 260 231 234
BO 232 232 232 231 232 231 231 232 232 232
BA 86.1 86.2 91.8 86.1 86.4 91.1 85.3 85.4 84.8 96.3
BW 234 233 233 234 234 234 233 234 233 234
BR 267 260 249 247 340 266 264 331 337 277
BN 238 238 238 237 238 237 238 237 238
BG 80.0 81.1 80.0 80.4 80.4 79.5 80.1 80.2 80.0 80.0
BF 176 184 179 178 204 214 191 176 185 210
BI 219 219 218 218 213 217 218 213 218 218
KH 285 229 295 231 232 281 286 282
CM 233 226 249 244 231 224 232 309
CA 219 233 248 217 219 227 218 227 218
CV 129 128 130 130 131 134 129 131 131 129
CF 646 657 644 648 659 647 657 645 650 644
TD 256 259 257 260 259 258 258 258 259 257
CL 268 327 291 290 249 288 250 249
CN 359 315 297 358 358 242 330 331 321
CY 132 152 132 140 131 132
CO 209 208 208 208 285 208 209 209 208 208
KM 261 260 264 262 259 264 260 266 261 260
CG 179 209 173 219 214 220 232 178 219 175
CR 185 185 185 184 184 184 184 184
HR 91.7 91.3 91.4 90.9 91.9 91.7 91.1 90.8 111 91.3
CU 246 250 262 263 269 260 266 264 247 265
CZ 108 108 109 108 109 109 108 109 108 108
DK 75.7 73.3 75.2 73.8 79.0 73.6 74.1 75.6 74.5 73.9
DJ 128 128 123 123 123 123 123 123 123 123
DO 173 173 174 173 175 187 172 174 172 173
DM 190 189 189 188 188 297 188 197 188 188
TL 314 314 313 314 313 434 314 313 324 313
EG 125 125 126 125 126 246 126 127 127 132
GQ 200 198 323 199 199
EC 228 215 227 227 227 367 227 227 214 229
ER 609 597 597 600 600 761 598 601 606 598
EE 77.0 85.0 83.6 83.3 234 82.9 83.4 75.2 83.9
ET 122 159 122 122 122 285 123 123 122 124
FJ 496 496 498 496 476 683 495 496 534 496
PH 355 354 355 354 354 551 354 354 360 354
FI 76.5 76.0 76.3 76.4 265 75.6 103 76.1
FR 49.3 50.0 49.2 49.1 51.5 251 49.1 49.2 60.9 49.1
GA 224 223 222 227 224 444 224 219 930 217
GM 156 155 155 155 156 384 156 155 169 156
GE 166 106 106 106 119 346 106 106 106 106
DE 71.2 71.3 70.6 313 71.0 71.5 71.3
GH 250 248 248 255 248 251 248 246 252
GD 233 230 216 231 470 231 229 217
GR 90.9 91.4 89.8 89.6 88.5 347 88.0 88.8 92.6
GT 182 181 181 181 181 359 181 181 191 181
GW 498 522 498 532 496 700 505 510 515 513
GN 153 154 152 152 152 173 179
GY 437 462 436 464 446 413 214 215 215 216
HT 256 273 256 428 250 250 287 254
HN 175 175 175 175 175 382 175 191 174
HU 86.2 88.8 90.1 91.3 88.7 303 89.0 92.5 89.0 89.2
IS 85.0 93.7 84.9 306 84.9 85.6 86.5
IN 194 190 190 190 189 418 190 191 200 190
ID 265 254 334 253 253 487 335 338 341 341
IR 237 164 330 159 308 609 174 236 244 163
IQ 115 147 116 118 116 362 147 114 118 116
IE 55.7 75.9 56.0 56.0 55.9 304 56.2 55.9 55.9 55.8
IL 108 107 108 107 107 361 107 107 107 107
IT 56.8 55.7 55.3 55.2 55.4 310 55.7 69.0 55.6 55.4
CI 156 154 156 156 156 405 156 156 155 156
JM 257 279 318 222 253 455 268 341 238 221
JP 271 273 273 272 440 272 280 287 279
JE 140 132 136 152 278 132 134 129 134
KZ 152 151 151 151 151 329 151 151 152 150
KE 239 239 239 239 239 422 238 238 239 238
KI 384 1296 1262 383 385 587 385 390 386 385
KW 147 145 145 160 156 360 145 158 145 145
KG 155 154 156 154 155 349 155 155 154 157
LA 281 479 285
LV 90.1 87.6 87.6 87.8 288 87.2 89.5 87.1
LB 91.9 88.7 88.9 89.3 88.6 291 88.9 108 89.0 89.5
LS 256 256 256 256 256 460 256 256 256 256
LR 171 171 171 171 171 379 170 170 170 172
LY 133 135 133 134 132 235 135 146 134 133
LI 85.7 86.0 85.4 85.5 85.8 85.7 84.9 87.9 86.0 85.4
LT 88.2 88.2 87.9 87.8 88.0 88.0 88.0 87.9 88.1 88.2
LU 61.6 59.7 57.8 54.6 62.7 58.0 58.0 60.6 55.9 60.6
MK 91.9 91.2 90.9 91.0 91.1 92.0 91.6 91.9 116 90.9
MG 506 504 496 492 500 488 503 502 484 503
MW 203 203 207 204 203 203 203 204 203 216
MY 379 379 379 378 379 379
MV 226 226 225 225 226 226 224 235 225 225
ML 155 149 164 147 148 145 164 147 145
MT 94.5 93.2 94.3 93.7 93.3 93.8 93.6 94.2 93.7 93.6
MH 402 349 349 352 349 349 356 352 348 375
MR 135
MU 221 221 220 220 220
MX 202 197 211 198 197 205 197 197 200 202
FM 391 393 391 393 391 391 394 391 391
MD 84.9 84.4 84.4 84.2 85.0 84.9 85.4 88.1 86.3
MC 52.5 52.7 52.6 51.9 52.5 51.7 52.4 52.0 52.1
MN 252 252 263 251 252 251 259 252 252
ME 116 121 115 94.2 93.5 93.8 120 114
MA 122 126 123 1015 122 122 122 732 122 123
MZ 198 266 196
MM 388 414 389 388 388 388 388 404 388 388
NA 206 232 206 206 205 206 206 205 206 206
NR 929 1006 896 929 911 934 981 941 975
NP 272 304 253 253 252 253 306 260 270 260
NL 54.9 100 54.2 55.0 54.5 54.9 54.8 61.4 54.2 54.8
NZ 331 406 329 329 331 331 330 332 331 331
NI 191 267 197 192 195 190 191 194 192 191
NG 146 231 146 147 145 145 146 146 145 146
NE 606 720 599 603 607 599 599 599 601 603
KP          
NO 73.8 185 73.4 73.7 73.3 73.1 73.3 87.5 74.1 72.9
OM 161 291 161 180 161 163
PK 232 362 223 218 218 225 217 227 237
PW 513 670 516 510 518 509 508 524 510 511
PA 184 340 234 181 180 180 190 189 192 185
PG 499 687 501 517 503 504 503 474 474 474
PY 333 518 324 340 338 338 335 331 332 340
PE 245 439 247 227 247 227 229 227 245
PL 81.5 275 155 135 133 82.8 80.9 81.3 81.7
PT 85.7 284 82.9 84.6 85.7 84.7 84.7 86.4 85.8 85.0
QA 175 392 173 175 174 174 174 176 176 174
RO 90.1 313 88.8 89.5 89.1 89.8 88.8 88.5 88.9 89.1
RU 96.6 333 96.7 96.9 97.7 96.7 97.9 97.5 97.6 102
RW 239 497 236 242 259 239 251 256 255 237
SV 186 183 214 212 183 212 214 214 183
WS 354 623 351 351 360 358 351 380 360 359
ST 224 429 220 228 221 224 222 223 222 217
SA 157 334 156 156 156 156 157 156 156 156
SN 332 407 254 275 307 262 647 323
RS 75.3 256 74.9 74.6 75.2 75.2 75.0 76.3 75.0 75.4
SC 397 491 413 401 409 403 402 402 415 400
SL 66.9 264 66.3 66.6 66.4 67.5 66.6 82.7 66.3 65.8
SG 341 341 345 348 351 341 346 343 348
SK 84.6 85.3 86.1 94.6 86.3 83.4 87.4 84.3 92.3 86.2
SI 76.8 76.6 76.5 76.3 76.8 76.2 76.5 76.5 83.3 77.0
SB 396 407 400 399 417 403 400 418
SO 187 187 187 187 214 187 187 187 270
ZA 190 190 190 189 190 190 190 190 249 190
KR 355 319 330 354 317 318 350 370 369 338
SS 232 237 235 238 238 236 236 249 321 238
ES 90.6 89.9 87.1 87.1 85.1 80.6 88.8 92.7 182 83.0
LK 190 189 188 189 190 190 189 195 239 189
KN 199 196 197 197 197 198 199 200 198
LC 180 180 179 179 179 179 181 179 179 179
MF 156 156 156 155 155 181 155 156 222 155
VC 187 188 188 188 188 189 188 189 192 190
SD 189 190 189 189 189 189 189 189 207 176
SR 227 231 218 222 230 221 309 307 229 232
SZ 215 213 217 214 223 241 215 218
SE 73.1 85.7 86.8 72.6 146 86.1 85.9 163 72.5 155
CH 57.1 56.3 56.7 56.2 56.6 59.1 56.6 56.6 61.3
SY 124 
TJ 198 198 198 203 199 198 199 198 246
TZ 224 223 226 223 223 223 229 226 253
TH 268 267 267 268 268 267 268 267 301 272
TG 151 150 152 150 150 150 150 202 151 151
TO 382 381 381 382 382 382 381 382 381
TT 187 187 188 187 187 187 187
TN 91.3 91.5 94.4 100 89.1 89.9 100 118
TR 86.1 165 87.5 88.5 164 165
TM 172 182 182 181 170 172 171 180 182 182
TV 253 336 253 248 342 253 339 338
US 158 194 193 201 193
UG 212 211 213 212 212 212 212 214
UA 101 103 101 101 101 101 100 101 101 102
AE 53.4 158 157 157 157 157 157 158 157 160
GB 48.9 48.4 48.9 49.2 53.7
UY 301 299 296 297 300 295 295 307 296 342
UZ 158 157 158 157 165 164 164 172 164 191
VU 400 401 401 401 400 400 401 400 400 400
VE 385 265 266 273 265 292 258 259 280 253
VN 348 348 348 348 350 347 347 353 347 348
YE 150 152 152 152 152 152 150 149 150 154
CD 256 257 257 255 256 256 256 269 257 257
ZM 231 230 233 231 231 230 230 230 231 231
ZW 225 225 226 260 251 225 225 238 225 225
