1 481 481 482 481 475 474 481 484 481
2 102 102 102 103 103 102 102 102 103 102
3 86.2 87.6 86.7 86.8 86.9 104 104 86.5 86.4 86.6
4 64.0 65.9 64.2 66.1 64.3 64.6 64.3 67.9
5 228 231 229 229 228 228 228 228 228 228
6 177 176 177 176 275 336 179 177 180
7 275 278 326 329 298 329 301 331 272
8 113 112 113 112 113 112 115 112 116 117
9 362 354 362 354 362 362 362 362 362 362
10 66.7 66.0 66.1 66.3 62.4 67.6 66.0 105 65.9
11 128 127 130 127 127 127 127 127 127 127
12 153 153 155 157 156 155 154 154 155
13 153 150 151 152 151 151 150 151 150 150
14 204 205 205 205 206 191 206 205 205 206
15 197 196 196 196 197 197 197 197
16 122
17 50.4 51.6 50.8 50.2 51.0 50.7 50.3 50.7 50.5
18 53.9 53.3 53.8 53.1 53.4 53.1 53.4 53.6 53.4
19 189 188 189 189 189 189 188 190 189 190
20 288 244 330 330 332 496 330 331 330 330
21 259 258 258 258 258 258 258 258 260
22 90.5 86.3 87.3 86.6 86.8 86.1 87.0 99.2 86.8
23 225 250 250 250 224 225 225 224 224
24 271 268 273 272 274 288 270 271 274 274
25 261 262 262 261 263 263 262 261 262 262
26 94.0 93.9 94.5 93.8
27 176 156 171 154 152 165
28 233 230 231 231 231 232 230 230
29 344 338 331 342
30 160 1546 671 1170 160 1130 1053 1361
31 175 175 193 224
32 170 172 172 171 172 170 172 171 170 170
33 663 737 299 712
34 270 268 270 270 266 249 247 256 277
35 245 245 245 247 281 281 705
36 224 253 224 225 224 279 282 226 312 226
37 142 140 140 140 140
38 206 205 206 205 206
39 272 268 264 261 266
40 207 175 175 180 176 175 179
41 174 173 172 173 174 173 174
42 91.2 91.3 91.2
43 250 251 251 251 251 251 294 251
44 83.8 81.0 80.6 80.4 81.1 82.4
45 73.4 75.6 72.7 73.2 72.5 73.6 71.9 72.1 73.9 72.7
46 146 145 145 145 145 145 145 146
47 194 194 194 193
48 189 191 189 189 192 200 191 197 195 190
49 527 533 527 527 528 529
50 112 114 110 108 111 117 110 110 110 114
51 0 0 0 0 0 0 0 0
52 218 217 219 218 221 216 223 221 219
53 592 592 589 601 595 596 595
54 76.6 76.3 76.2 76.1 75.7 78.2 76.2 76.1 76.1
55 121 124 122 121 121 122 122
56 572 569 571 565 473 577 569 462 571
57 392 398 392 392 394 392 393 392
58 77.2 76.0 76.1 76.2 75.8 76.2 76.8 76.4 76.4
59 49.6 49.4 49.3 50.0 49.3 51.0 50.3 50.4
60 227 217 335 223 222 225 212
61 175 148 152 160 153 160
62 103 112 113 112 113 113 113
63 69.2 69.4 68.7 69.1 69.2 69.6 68.0 48.1
64 246 242 245 245 245 244 245 242 244 244
65 217 216 220 218 216 217 216 219
66 94.0 93.4 93.2 94.9 93.9 96.7 95.9 94.1
67 181 181 181 180 181 181 180 182 181 180
68 208 404 198 1065 199 262 580 200 239
69 167 170 166 173 168 173 173 153
70 224 222 227 222 223
71 178 178 178 177 178 177 178
72 177 178 177 177 182 179 179 180
73 82.6 83.5 81.3 82.1 80.8 86.2 82.0 82.3 81.3 81.8
74 85.8 85.6 86.1 86.2 86.4 86.1 85.3
75 213 213 212 214 213 213 213 212 213 215
76 359 359 360 310 383 359 382 359 360 308
77 163 163 162 164 176 176 180 169 163 167
78 149 114 149 114 115 114 112 149
79 55.5 55.9 55.9 55.6 55.9 55.5
80 107 109 108 108
81 55.7 55.3 55.5 55.7
82 138 138 138 138 138 138 138 138 139
83 270 368 241 272 250
84 291 291 291 291 299 292 291 292
85 177 128 129 239 107 167 129 130 132
86 155 154 154 154
87 232 233 232 232 232 232 232
88 423 420 428 419 423 423 417 425 409
89 156 155 156 158 155 156 156
90 168 193 169 169 167
91 283 282 283 283 283 282 284 283 282
92 85.2 85.6 85.7 89.5 85.9 85.7 85.7 85.0 83.1
93 0 0 0 0 0 0 0 0 0
94 240 255 291 244 296 258 280 245 305
95 65.6 65.2 66.0 215 208
96 126 133 134 135
97 74.7 74.3 74.5 74.5 74.6 74.7 74.3 74.7 75.0
98 87.9 95.1 88.2 87.7 89.0 88.0 88.4 88.2 88.0 88.9
99 54.2 66.7 60.0 56.3 57.6 58.5 59.1 55.8 55.9
100 116 116 116 116 116 119 116
101 376 370 352 355 357 346 349 463 352
102 218 221
103 380 378 378 378 376 378 378 377 378
104 789 889 928 599 855 846 855 944 780 322
105 144 131 126 125 157
106 97.3 97.9 97.6 99.3 97.5 97.4 99.0 97.4
107 363 354 445 353
108 126 126 125 125
109 217 218 218 218 218 217 218 217 218
110 211 212 210 210 211
111 506 506 517 515 507 507 507 506 508
112 85.8 86.0 86.1 86.8 86.1 85.7
113 52.5 51.9 105 53.8 54.2 51.8 52.7 52.5 52.0 52.8
114 257 262 257 257 259 267 252
115 106 107 106 116 105 112 109 108
116 141 140 140 141 140 141 141
117 270 224 220 221 220 220 281 220 200
118 402 631 386 386
119 212 219 211 210 210 211 211 210 211
120 905 906 906 889 910 895 899 910
121 276 281 259 278 298 304 272 283 499 323
122 52.4 52.4 53.1 55.2 52.9 53.4 52.6
123 331 331 329 328
124 193 196 193 192
125 142 143 144 141 141 141 141
126 609 606 616
127 0 0 0 0 0 0 0 0 0
128 73.8 74.0 73.2 73.0 73.1 73.3
129 238 234 166 168 236
130 188 209 195 198 199 191 192 239 191
131 519 513 519 511 511 518 509 521 510 521
132 188 189 188 189 188 189 189 188 189 188
133 486 488 490 490 488 490 491 491 490 366
134 291 295 295 299 294 298
135 232 265 233 233 287 232 233
136 155 159 170 139 159 150 141 159
137 73.5 74.3 74.5 74.0 74.5 72.7 75.9 73.2 73.7 75.3
138 169 168
139 89.8 88.8 88.5 88.7
140 98.6 100 99.1 99.0 98.7 97.8 98.5 105 99.3
141 235 236 236 235 238 268 236
142 179 180 179 179 179 180 179 179 179 179
143 388 372 370 367 370 370
144 487 209 221 241 225 229 209
145 181 161 163 167 177 164 174
146 277 358 340 250 231 239 376 303 317
147 74.3 74.4 74.5 74.3 74.3 74.5 74.3 74.6 74.3 76.6
148 212 215 207 205 205 211 230 211 214 205
149 65.6 66.4 65.0 66.4 66.2 65.7 66.1 65.6
150 341 344 344 329 340 337 319 348
151 66.5 84.4 85.9 86.1 83.0 67.1 87.2 83.8
152 84.0 83.6 84.3 83.8
153 409 415 410 409 402 429 414
154 191 216 191 191 199 333 192 190 191 194
155 217 195 218 218 217 217 218 218 218 217
156 351 409 373 335 412 413
157 241 311 237 302 310 300 235 303
158 89.8 93.2 91.3 86.8
159 297 297 296 296 296 297 297
160 197 190 191 190 189 195 190 190 188 188
161 190 220 190 191 191 191 197 219 190 191
162 182 181 183 182 182 182 181 181 182 182
163 188 215 188 213 213 213
164 195 216 262 191 191 217 194
165 236 495 230 228 246 245 257 217 283 221
166 216 216 218 218 216 214 215 214 214 214
167 73.1 76.8 76.7 77.9 77.2 73.6 73.4 73.0
168 57.8 58.1 58.3 58.7 58.8 58.2 57.5 57.8 57.5
169 134 133 133
170 220 216 217 211 217
171 198 197 197 196 196 199 196 196 197
172 331 284 284 296 305 281 287 283 292 289
173 149 150 150 150 150 150 150 150 149
174 380 378
175 197 198 196 196 196 196 197
176 90.6 90.0 89.9 89.7 89.2 89.2 89.6 89.3 90.4 89.3
177 163 160 160 160 162 166 162 162 159
178 165 176 174 178 176 166 177 175 164 176
179 309 397 359 359 310 360
180 197 194 194 194 194
181 188 180 180 181 187 181 180 181 181
182 96.8 97.6 96.6 97.3 96.8 97.7 96.8 96.7 96.7
183 157 157 156 157 157 164
184 105 111 49.1 50.3 49.4 49.6 49.4 49.2 50.3 49.3
185 296 296 296 296 292 296 296 295 296
186 172 173 172 174 173 173 173 172 172
187 403 405 402 402 402 403 410 402 402 402
188 191 189 189 188 192 187 189 191 193 192
189 305 306 306 306 306 306 306 276 275 275
190 0 0 0 0 0 0 0 0 0 0
191 288 192 194 191 196 194 193 273
192 242 231 230 230 231 231 230 229 244 231
193 228 228 228 228 228 228 228 228 227 230
