142
173
30
142
173
34
34
122
122
178
73
30
93
122
34
93
87
173
142
87
87
34
30
87
178
83
83
139
108
122
93
108
108
8
8
122
108
149
149
8
139
57
57
73
186
178
122
186
110
83
178
110
11
30
73
11
103
149
108
103
165
108
93
165
55
122
8
55
55
186
8
132
132
55
48
132
8
48
149
48
155
56
56
35
35
155
22
192
192
165
165
22
184
93
34
184
94
184
184
23
23
94
94
118
118
184
31
5
5
73
73
31
134
34
87
134
179
30
11
179
179
87
179
109
109
87
89
139
139
113
113
89
106
132
132
110
110
106
106
55
106
186
75
48
149
75
130
75
75
56
56
130
130
48
130
132
130
110
130
83
130
155
155
83
188
35
56
188
188
90
90
35
126
35
35
113
113
126
126
155
126
83
126
139
147
103
108
147
154
165
93
154
154
22
154
118
118
22
154
184
136
31
73
136
164
31
31
23
23
164
148
23
31
148
148
94
20
34
134
20
74
103
103
128
128
74
85
139
89
85
85
57
119
110
178
119
119
106
119
186
24
56
75
24
24
188
52
54
54
156
156
52
52
45
45
54
52
189
189
45
52
144
144
189
52
49
49
144
156
49
38
86
86
147
147
38
4
22
118
4
143
118
94
143
143
4
63
26
26
172
172
63
172
143
143
63
84
144
49
84
33
49
156
33
18
143
172
18
18
124
124
143
26
18
115
31
136
115
115
107
107
31
78
136
73
78
14
31
164
14
14
5
68
94
148
68
17
109
179
17
37
131
131
70
70
37
6
34
20
6
6
184
133
20
20
23
23
133
133
6
133
184
129
74
128
129
19
113
35
19
28
90
188
28
28
171
171
90
28
149
149
171
158
149
103
158
158
171
74
158
102
75
149
102
102
24
102
188
102
28
137
189
144
137
137
128
128
189
153
103
147
153
153
128
153
189
153
45
153
54
153
86
86
54
116
165
192
116
180
54
86
180
180
156
191
22
4
191
191
192
59
4
143
59
59
39
39
4
77
84
84
168
168
77
77
144
77
88
88
144
29
124
124
33
33
29
125
33
124
125
125
18
26
125
95
65
65
49
49
95
95
33
125
95
36
49
65
36
166
73
57
166
15
57
57
181
181
15
105
95
95
175
175
105
105
65
150
15
15
138
138
150
150
97
97
15
112
175
175
3
3
112
157
136
136
3
3
157
157
115
183
136
78
183
67
68
148
67
67
31
31
60
60
67
81
68
68
26
26
81
81
94
81
143
81
63
104
68
68
107
107
104
104
26
104
125
115
104
145
67
60
145
145
68
145
107
145
31
141
87
109
141
82
11
11
70
70
82
131
82
187
37
70
187
185
85
89
185
169
185
89
169
120
169
89
120
120
129
129
169
120
74
120
113
19
120
13
120
19
13
13
74
13
158
182
128
137
182
182
129
100
147
108
100
100
38
100
116
116
38
100
165
190
191
4
190
39
190
170
86
38
170
170
180
170
140
140
180
101
38
116
101
101
170
101
191
191
170
101
192
50
59
143
50
50
39
50
29
29
39
50
124
2
104
115
2
2
125
2
95
2
175
2
3
2
157
92
36
36
168
168
92
84
92
176
65
65
25
25
176
176
36
176
168
53
166
57
53
15
53
111
15
181
111
111
138
111
25
25
138
111
176
181
176
1
65
105
1
80
1
105
80
80
112
112
96
96
80
80
175
58
136
183
58
58
3
58
112
51
37
37
134
134
51
51
131
51
87
141
51
66
141
109
66
66
17
17
141
42
11
82
42
42
179
42
17
123
82
131
123
69
37
187
69
69
134
69
20
69
23
69
164
117
90
171
117
117
35
117
19
117
13
117
158
12
144
88
12
12
137
12
182
0
169
129
0
0
185
27
190
190
140
140
27
27
191
27
170
32
156
180
32
32
33
32
29
32
39
32
190
32
140
79
92
84
79
79
36
79
49
91
53
15
91
91
97
97
53
99
65
1
99
99
25
127
121
121
183
183
127
127
44
44
121
127
166
166
44
127
73
127
78
135
97
150
135
135
53
135
166
135
44
62
121
44
62
41
80
80
151
151
41
16
58
183
16
121
16
167
112
58
167
167
96
40
51
141
40
40
131
40
123
141
123
71
17
42
71
71
141
71
123
71
82
46
187
70
46
46
64
64
187
11
46
174
64
64
14
14
174
174
187
174
69
174
164
61
181
57
61
61
176
61
168
61
85
85
10
10
61
177
85
185
177
177
10
0
177
76
12
88
76
76
182
76
129
76
0
76
177
76
10
76
77
77
10
146
25
99
146
146
138
9
96
96
62
62
9
9
80
9
151
114
99
1
114
114
146
114
80
41
114
98
121
62
98
98
16
98
58
98
167
98
96
159
64
46
159
7
10
77
7
7
61
7
168
72
41
151
72
72
138
146
72
72
150
43
135
150
43
43
44
43
62
43
9
43
151
43
72
47
14
14
160
160
47
47
5
47
159
159
5
47
64
161
46
11
161
161
159
161
5
161
73
21
72
146
21
21
41
21
114
162
47
160
162
162
64
162
14
122
173
173
178
178
142
178
30
83
30
139
30
139
73